10000 22 23 39 33 42 73 94 53 16 38 86 90 94 13 56 17 10 86 49 
22 10000 56 83 50 22 23 89 82 64 31 10 29 11 52 64 35 42 65 85 
23 56 10000 31 26 93 18 22 67 33 47 31 69 78 37 36 11 70 85 85 
39 83 31 10000 41 55 79 16 66 16 89 72 25 20 14 48 98 88 17 97 
33 50 26 41 10000 55 32 15 64 37 64 19 47 29 76 91 34 48 89 65 
42 22 93 55 55 10000 48 41 44 38 94 25 76 79 30 57 78 71 74 15 
73 23 18 79 32 48 10000 33 80 53 43 42 82 46 87 68 67 56 67 75 
94 89 22 16 15 41 33 10000 15 45 71 96 79 14 10 11 78 23 51 98 
53 82 67 66 64 44 80 15 10000 95 15 75 46 74 24 81 57 99 82 75 
16 64 33 16 37 38 53 45 95 10000 13 64 50 82 18 39 63 94 13 92 
38 31 47 89 64 94 43 71 15 13 10000 20 29 73 44 97 76 24 53 98 
86 10 31 72 19 25 42 96 75 64 20 10000 56 93 12 29 18 40 39 81 
90 29 69 25 47 76 82 79 46 50 29 56 10000 46 57 59 58 72 62 55 
94 11 78 20 29 79 46 14 74 82 73 93 46 10000 63 33 25 16 52 46 
13 52 37 14 76 30 87 10 24 18 44 12 57 63 10000 11 27 63 13 30 
56 64 36 48 91 57 68 11 81 39 97 29 59 33 11 10000 40 93 81 86 
17 35 11 98 34 78 67 78 57 63 76 18 58 25 27 40 10000 21 26 32 
10 42 70 88 48 71 56 23 99 94 24 40 72 16 63 93 21 10000 83 73 
86 65 85 17 89 74 67 51 82 13 53 39 62 52 13 81 26 83 10000 56 
49 85 85 97 65 15 75 98 75 92 98 81 55 46 30 86 32 73 56 10000 

10000 28 22 43 45 93 38 51 14 63 84 65 38 19 45 63 44 41 26 51 
28 10000 41 30 68 65 44 51 81 92 83 63 22 99 74 81 51 89 29 14 
22 41 10000 62 69 29 50 87 30 38 42 67 62 24 59 94 38 71 96 13 
43 30 62 10000 14 97 23 94 29 73 64 15 45 16 21 91 96 73 93 52 
45 68 69 14 10000 71 52 29 50 97 48 73 80 85 83 58 95 97 90 33 
93 65 29 97 71 10000 99 69 95 16 65 33 18 12 82 85 25 67 56 59 
38 44 50 23 52 99 10000 78 39 53 17 71 78 87 21 40 96 89 11 94 
51 51 87 94 29 69 78 10000 19 70 74 94 62 94 45 43 46 24 71 32 
14 81 30 29 50 95 39 19 10000 76 80 19 65 65 51 45 57 90 10 11 
63 92 38 73 97 16 53 70 76 10000 13 74 88 15 95 56 99 17 52 46 
84 83 42 64 48 65 17 74 80 13 10000 59 43 92 10 17 90 96 70 30 
65 63 67 15 73 33 71 94 19 74 59 10000 51 13 16 66 63 90 49 17 
38 22 62 45 80 18 78 62 65 88 43 51 10000 44 20 27 78 24 91 96 
19 99 24 16 85 12 87 94 65 15 92 13 44 10000 22 92 12 44 50 51 
45 74 59 21 83 82 21 45 51 95 10 16 20 22 10000 18 64 72 35 97 
63 81 94 91 58 85 40 43 45 56 17 66 27 92 18 10000 30 81 81 24 
44 51 38 96 95 25 96 46 57 99 90 63 78 12 64 30 10000 32 11 17 
41 89 71 73 97 67 89 24 90 17 96 90 24 44 72 81 32 10000 86 60 
26 29 96 93 90 56 11 71 10 52 70 49 91 50 35 81 11 86 10000 65 
51 14 13 52 33 59 94 32 11 46 30 17 96 51 97 24 17 60 65 10000 

