10000 34 20 43 24 89 45 97 26 61 56 46 61 83 39 21 37 74 92 33 
34 10000 37 31 75 64 42 42 91 16 27 64 80 67 22 26 86 35 72 52 
20 37 10000 60 15 32 99 56 31 21 49 44 60 50 55 25 12 34 96 95 
43 31 60 10000 95 59 14 99 13 42 96 27 79 49 95 63 47 13 82 88 
24 75 15 95 10000 16 43 18 97 44 25 91 89 36 67 42 43 70 12 61 
89 64 32 59 16 10000 84 39 68 53 51 72 17 17 98 98 10 32 61 17 
45 42 99 14 43 84 10000 48 20 79 15 10 18 96 41 74 59 37 16 54 
97 42 56 99 18 39 48 10000 51 64 87 93 50 99 18 56 26 82 68 63 
26 91 31 13 97 68 20 51 10000 51 96 74 62 62 22 21 53 87 98 22 
61 16 21 42 44 53 79 64 51 10000 91 21 33 33 62 77 13 90 29 13 
56 27 49 96 25 51 15 87 96 91 10000 56 28 12 23 38 98 32 26 67 
46 64 44 27 91 72 10 93 74 21 56 10000 54 98 70 63 26 13 36 78 
61 80 60 79 89 17 18 50 62 33 28 54 10000 39 15 58 36 36 10 96 
83 67 50 49 36 17 96 99 62 33 12 98 39 10000 87 65 55 74 26 75 
39 22 55 95 67 98 41 18 22 62 23 70 15 87 10000 28 97 96 38 77 
21 26 25 63 42 98 74 56 21 77 38 63 58 65 28 10000 37 87 66 65 
37 86 12 47 43 10 59 26 53 13 98 26 36 55 97 37 10000 71 86 69 
74 35 34 13 70 32 37 82 87 90 32 13 36 74 96 87 71 10000 29 22 
92 72 96 82 12 61 16 68 98 29 26 36 10 26 38 66 86 29 10000 62 
33 52 95 88 61 17 54 63 22 13 67 78 96 75 77 65 69 22 62 10000 

10000 57 47 93 66 99 25 83 85 14 77 30 50 25 90 13 91 86 79 43 
57 10000 16 10 85 82 45 47 61 57 33 46 86 18 30 15 16 18 61 68 
47 16 10000 70 99 96 30 45 33 25 60 88 15 56 91 81 59 38 58 35 
93 10 70 10000 75 77 35 69 38 97 52 51 59 15 67 57 72 94 93 19 
66 85 99 75 10000 24 44 14 54 37 32 73 48 14 71 19 51 80 92 61 
99 82 96 77 24 10000 87 73 40 58 23 93 67 80 83 86 66 95 96 41 
25 45 30 35 44 87 10000 68 19 97 92 50 57 65 70 65 98 82 64 12 
83 47 45 69 14 73 68 10000 68 88 52 11 88 63 52 54 74 24 18 17 
85 61 33 38 54 40 19 68 10000 61 17 73 86 84 90 20 64 77 73 76 
14 57 25 97 37 58 97 88 61 10000 38 27 97 75 71 38 69 39 30 13 
77 33 60 52 32 23 92 52 17 38 10000 48 74 13 69 95 86 72 89 45 
30 46 88 51 73 93 50 11 73 27 48 10000 52 76 41 79 79 72 48 17 
50 86 15 59 48 67 57 88 86 97 74 52 10000 41 52 84 55 73 79 72 
25 18 56 15 14 80 65 63 84 75 13 76 41 10000 46 54 56 53 11 63 
90 30 91 67 71 83 70 52 90 71 69 41 52 46 10000 68 44 78 32 17 
13 15 81 57 19 86 65 54 20 38 95 79 84 54 68 10000 71 14 40 72 
91 16 59 72 51 66 98 74 64 69 86 79 55 56 44 71 10000 62 98 23 
86 18 38 94 80 95 82 24 77 39 72 72 73 53 78 14 62 10000 62 78 
79 61 58 93 92 96 64 18 73 30 89 48 79 11 32 40 98 62 10000 45 
43 68 35 19 61 41 12 17 76 13 45 17 72 63 17 72 23 78 45 10000 

