10000 85 76 59 89 28 77 29 75 59 46 73 65 81 45 54 24 36 36 29 
85 10000 27 96 44 38 56 37 35 50 85 66 23 54 95 45 69 24 56 96 
76 27 10000 65 86 91 46 10 22 49 94 80 37 31 96 11 66 20 57 72 
59 96 65 10000 37 74 48 66 21 49 74 38 13 96 71 68 92 60 55 62 
89 44 86 37 10000 87 33 90 76 19 81 32 17 77 77 39 38 74 54 49 
28 38 91 74 87 10000 98 37 82 12 92 57 51 82 23 92 59 57 99 95 
77 56 46 48 33 98 10000 40 73 81 16 40 31 63 16 37 71 77 36 50 
29 37 10 66 90 37 40 10000 29 72 90 24 97 53 72 76 96 65 25 52 
75 35 22 21 76 82 73 29 10000 75 72 45 17 94 59 58 41 16 67 52 
59 50 49 49 19 12 81 72 75 10000 24 68 16 61 79 84 75 52 27 49 
46 85 94 74 81 92 16 90 72 24 10000 92 30 16 73 37 31 84 83 90 
73 66 80 38 32 57 40 24 45 68 92 10000 51 28 54 26 92 10 75 73 
65 23 37 13 17 51 31 97 17 16 30 51 10000 96 99 85 47 88 48 77 
81 54 31 96 77 82 63 53 94 61 16 28 96 10000 28 84 24 50 42 18 
45 95 96 71 77 23 16 72 59 79 73 54 99 28 10000 83 87 97 85 13 
54 45 11 68 39 92 37 76 58 84 37 26 85 84 83 10000 39 73 93 29 
24 69 66 92 38 59 71 96 41 75 31 92 47 24 87 39 10000 70 54 76 
36 24 20 60 74 57 77 65 16 52 84 10 88 50 97 73 70 10000 77 21 
36 56 57 55 54 99 36 25 67 27 83 75 48 42 85 93 54 77 10000 24 
29 96 72 62 49 95 50 52 52 49 90 73 77 18 13 29 76 21 24 10000 

10000 59 60 64 26 50 58 61 60 96 24 65 44 15 58 91 67 78 20 25 
59 10000 22 28 17 41 77 25 66 54 34 24 12 43 56 23 86 18 52 37 
60 22 10000 43 67 13 54 70 33 61 80 65 78 45 22 11 56 10 82 48 
64 28 43 10000 93 27 80 82 12 95 46 64 84 78 83 63 45 32 69 85 
26 17 67 93 10000 15 89 90 42 68 35 61 22 65 79 82 27 68 59 13 
50 41 13 27 15 10000 89 27 50 34 75 78 27 67 14 82 94 93 74 51 
58 77 54 80 89 89 10000 31 72 31 93 82 87 43 60 15 49 90 99 71 
61 25 70 82 90 27 31 10000 63 25 64 71 59 26 41 89 90 81 58 66 
60 66 33 12 42 50 72 63 10000 30 42 63 65 14 32 30 14 68 46 12 
96 54 61 95 68 34 31 25 30 10000 54 21 57 20 78 19 77 69 67 11 
24 34 80 46 35 75 93 64 42 54 10000 38 52 61 46 45 84 20 34 91 
65 24 65 64 61 78 82 71 63 21 38 10000 53 78 50 44 81 97 36 42 
44 12 78 84 22 27 87 59 65 57 52 53 10000 50 70 83 12 95 60 94 
15 43 45 78 65 67 43 26 14 20 61 78 50 10000 64 57 77 56 51 25 
58 56 22 83 79 14 60 41 32 78 46 50 70 64 10000 87 56 70 18 29 
91 23 11 63 82 82 15 89 30 19 45 44 83 57 87 10000 88 58 59 41 
67 86 56 45 27 94 49 90 14 77 84 81 12 77 56 88 10000 26 90 35 
78 18 10 32 68 93 90 81 68 69 20 97 95 56 70 58 26 10000 25 40 
20 52 82 69 59 74 99 58 46 67 34 36 60 51 18 59 90 25 10000 11 
25 37 48 85 13 51 71 66 12 11 91 42 94 25 29 41 35 40 11 10000 

