10000 99 30 46 74 22 10 76 74 44 26 13 91 31 55 41 63 45 32 48 
99 10000 90 67 43 52 39 83 26 75 17 13 14 52 67 92 67 10 31 88 
30 90 10000 10 42 50 37 64 69 49 19 16 83 60 86 89 61 14 44 54 
46 67 10 10000 12 25 15 89 96 54 71 25 16 44 28 40 68 85 71 44 
74 43 42 12 10000 41 73 16 99 61 47 13 26 20 69 66 35 48 29 80 
22 52 50 25 41 10000 94 94 74 81 97 68 60 49 10 19 94 80 50 66 
10 39 37 15 73 94 10000 87 35 39 56 75 23 43 12 19 51 24 41 98 
76 83 64 89 16 94 87 10000 71 55 81 87 18 82 15 57 54 43 61 59 
74 26 69 96 99 74 35 71 10000 50 69 63 24 89 94 76 39 55 60 39 
44 75 49 54 61 81 39 55 50 10000 51 91 12 32 66 86 74 27 86 61 
26 17 19 71 47 97 56 81 69 51 10000 79 86 26 52 67 65 89 52 85 
13 13 16 25 13 68 75 87 63 91 79 10000 15 55 38 66 30 51 99 81 
91 14 83 16 26 60 23 18 24 12 86 15 10000 76 89 79 50 72 42 19 
31 52 60 44 20 49 43 82 89 32 26 55 76 10000 19 65 79 64 91 77 
55 67 86 28 69 10 12 15 94 66 52 38 89 19 10000 30 29 27 40 79 
41 92 89 40 66 19 19 57 76 86 67 66 79 65 30 10000 90 26 59 68 
63 67 61 68 35 94 51 54 39 74 65 30 50 79 29 90 10000 86 15 11 
45 10 14 85 48 80 24 43 55 27 89 51 72 64 27 26 86 10000 96 24 
32 31 44 71 29 50 41 61 60 86 52 99 42 91 40 59 15 96 10000 53 
48 88 54 44 80 66 98 59 39 61 85 81 19 77 79 68 11 24 53 10000 

10000 52 40 73 91 77 61 79 84 54 14 41 71 68 38 97 18 82 70 29 
52 10000 81 30 26 38 73 29 39 99 42 44 82 97 33 19 47 41 52 77 
40 81 10000 58 25 40 13 73 53 70 82 46 58 92 56 80 11 18 59 33 
73 30 58 10000 13 56 16 70 34 92 13 73 91 45 98 94 79 70 51 76 
91 26 25 13 10000 77 46 62 67 70 53 19 33 43 29 83 64 54 87 81 
77 38 40 56 77 10000 80 20 69 73 77 36 60 64 26 60 75 99 80 11 
61 73 13 16 46 80 10000 79 45 30 20 72 30 51 50 45 34 17 88 86 
79 29 73 70 62 20 79 10000 88 42 97 84 20 44 39 46 58 81 86 76 
84 39 53 34 67 69 45 88 10000 52 22 11 64 98 72 16 17 39 39 88 
54 99 70 92 70 73 30 42 52 10000 53 56 42 32 41 72 84 37 22 71 
14 42 82 13 53 77 20 97 22 53 10000 60 12 31 27 88 93 87 30 74 
41 44 46 73 19 36 72 84 11 56 60 10000 15 52 63 29 21 20 63 37 
71 82 58 91 33 60 30 20 64 42 12 15 10000 19 43 53 81 78 47 63 
68 97 92 45 43 64 51 44 98 32 31 52 19 10000 94 81 23 29 76 41 
38 33 56 98 29 26 50 39 72 41 27 63 43 94 10000 27 33 17 30 54 
97 19 80 94 83 60 45 46 16 72 88 29 53 81 27 10000 84 30 80 99 
18 47 11 79 64 75 34 58 17 84 93 21 81 23 33 84 10000 43 99 56 
82 41 18 70 54 99 17 81 39 37 87 20 78 29 17 30 43 10000 99 35 
70 52 59 51 87 80 88 86 39 22 30 63 47 76 30 80 99 99 10000 89 
29 77 33 76 81 11 86 76 88 71 74 37 63 41 54 99 56 35 89 10000 

