20000 57 99 97 71 95 12 38 34 32 41 94 57 86 64 
57 20000 29 58 32 25 32 41 90 75 73 32 51 97 66 
99 29 20000 10 24 31 43 90 64 16 34 13 68 83 60 
97 58 10 20000 21 40 25 14 21 43 72 40 67 66 52 
71 32 24 21 20000 24 74 71 29 56 37 84 31 43 16 
95 25 31 40 24 20000 36 26 60 73 41 17 52 15 54 
12 32 43 25 74 36 20000 54 22 12 39 99 71 46 54 
38 41 90 14 71 26 54 20000 95 59 67 57 48 53 51 
34 90 64 21 29 60 22 95 20000 18 54 77 90 38 96 
32 75 16 43 56 73 12 59 18 20000 49 43 45 36 21 
41 73 34 72 37 41 39 67 54 49 20000 56 58 27 46 
94 32 13 40 84 17 99 57 77 43 56 20000 72 76 14 
57 51 68 67 31 52 71 48 90 45 58 72 20000 58 52 
86 97 83 66 43 15 46 53 38 36 27 76 58 20000 50 
64 66 60 52 16 54 54 51 96 21 46 14 52 50 20000 

20000 52 52 28 23 95 69 13 61 32 68 18 44 65 12 
52 20000 63 86 41 37 61 30 59 14 68 84 94 84 68 
52 63 20000 62 35 67 87 84 77 73 15 40 99 90 73 
28 86 62 20000 73 61 24 89 32 10 41 23 46 49 34 
23 41 35 73 20000 11 40 48 74 50 52 51 21 74 48 
95 37 67 61 11 20000 68 65 50 40 30 83 20 64 94 
69 61 87 24 40 68 20000 74 37 67 59 78 21 33 89 
13 30 84 89 48 65 74 20000 89 92 88 67 67 98 31 
61 59 77 32 74 50 37 89 20000 75 14 98 83 20 10 
32 14 73 10 50 40 67 92 75 20000 13 26 56 82 69 
68 68 15 41 52 30 59 88 14 13 20000 73 38 55 24 
18 84 40 23 51 83 78 67 98 26 73 20000 24 54 45 
44 94 99 46 21 20 21 67 83 56 38 24 20000 85 32 
65 84 90 49 74 64 33 98 20 82 55 54 85 20000 98 
12 68 73 34 48 94 89 31 10 69 24 45 32 98 20000 

