20000 48 84 13 72 42 71 21 85 91 14 27 77 46 20 
48 20000 34 42 52 95 72 47 66 21 14 39 44 10 11 
84 34 20000 89 85 53 58 92 26 39 73 51 83 17 75 
13 42 89 20000 87 21 48 71 34 88 18 34 63 31 46 
72 52 85 87 20000 14 71 70 49 23 71 61 94 39 10 
42 95 53 21 14 20000 64 35 45 61 61 21 27 60 99 
71 72 58 48 71 64 20000 98 32 53 99 55 21 63 17 
21 47 92 71 70 35 98 20000 36 92 31 12 37 84 17 
85 66 26 34 49 45 32 36 20000 19 51 93 91 35 32 
91 21 39 88 23 61 53 92 19 20000 82 73 46 14 19 
14 14 73 18 71 61 99 31 51 82 20000 29 50 35 27 
27 39 51 34 61 21 55 12 93 73 29 20000 43 58 85 
77 44 83 63 94 27 21 37 91 46 50 43 20000 34 43 
46 10 17 31 39 60 63 84 35 14 35 58 34 20000 80 
20 11 75 46 10 99 17 17 32 19 27 85 43 80 20000 

20000 57 30 86 50 97 96 59 94 67 14 60 47 85 43 
57 20000 36 30 94 50 52 63 55 50 40 31 43 97 16 
30 36 20000 47 66 46 42 97 85 13 20 35 22 39 75 
86 30 47 20000 29 93 81 98 29 10 90 67 30 34 41 
50 94 66 29 20000 93 87 45 70 17 46 87 31 89 45 
97 50 46 93 93 20000 16 22 67 97 19 79 59 86 79 
96 52 42 81 87 16 20000 68 34 13 14 68 28 55 74 
59 63 97 98 45 22 68 20000 56 85 28 91 25 79 77 
94 55 85 29 70 67 34 56 20000 13 59 89 47 19 30 
67 50 13 10 17 97 13 85 13 20000 75 55 24 93 19 
14 40 20 90 46 19 14 28 59 75 20000 84 60 15 68 
60 31 35 67 87 79 68 91 89 55 84 20000 95 99 45 
47 43 22 30 31 59 28 25 47 24 60 95 20000 43 95 
85 97 39 34 89 86 55 79 19 93 15 99 43 20000 97 
43 16 75 41 45 79 74 77 30 19 68 45 95 97 20000 

