20000 54 64 46 37 31 62 52 33 87 35 73 64 32 11 
54 20000 96 96 10 20 83 23 48 62 58 91 39 70 41 
64 96 20000 65 58 12 91 10 22 87 68 90 85 34 97 
46 96 65 20000 50 83 36 36 43 13 37 14 64 61 98 
37 10 58 50 20000 71 84 84 13 22 56 42 81 19 76 
31 20 12 83 71 20000 63 52 34 10 53 15 30 60 80 
62 83 91 36 84 63 20000 96 62 82 90 57 43 97 41 
52 23 10 36 84 52 96 20000 12 90 86 83 30 49 52 
33 48 22 43 13 34 62 12 20000 67 22 22 26 26 79 
87 62 87 13 22 10 82 90 67 20000 34 95 29 18 57 
35 58 68 37 56 53 90 86 22 34 20000 94 75 27 33 
73 91 90 14 42 15 57 83 22 95 94 20000 12 25 36 
64 39 85 64 81 30 43 30 26 29 75 12 20000 16 54 
32 70 34 61 19 60 97 49 26 18 27 25 16 20000 55 
11 41 97 98 76 80 41 52 79 57 33 36 54 55 20000 

20000 32 45 44 83 17 82 74 53 50 73 88 57 19 79 
32 20000 85 44 17 32 51 89 96 11 55 28 11 75 45 
45 85 20000 29 34 10 92 61 82 70 97 63 48 42 70 
44 44 29 20000 21 27 54 77 47 70 86 10 43 91 26 
83 17 34 21 20000 29 11 11 48 58 85 42 34 14 20 
17 32 10 27 29 20000 71 81 31 35 44 63 11 37 79 
82 51 92 54 11 71 20000 81 27 53 37 58 46 31 85 
74 89 61 77 11 81 81 20000 76 39 61 80 60 57 41 
53 96 82 47 48 31 27 76 20000 94 59 40 83 57 13 
50 11 70 70 58 35 53 39 94 20000 34 20 52 18 96 
73 55 97 86 85 44 37 61 59 34 20000 29 17 46 34 
88 28 63 10 42 63 58 80 40 20 29 20000 71 88 96 
57 11 48 43 34 11 46 60 83 52 17 71 20000 78 33 
19 75 42 91 14 37 31 57 57 18 46 88 78 20000 50 
79 45 70 26 20 79 85 41 13 96 34 96 33 50 20000 

