20000 56 47 41 10 72 54 29 66 26 83 14 80 56 69 
56 20000 62 79 87 41 95 77 96 31 98 75 75 18 30 
47 62 20000 37 28 11 86 20 29 74 22 73 81 77 12 
41 79 37 20000 74 30 46 93 90 29 64 69 66 58 90 
10 87 28 74 20000 30 77 21 71 55 67 43 30 20 95 
72 41 11 30 30 20000 25 87 67 92 70 13 39 80 86 
54 95 86 46 77 25 20000 83 79 20 12 15 90 14 54 
29 77 20 93 21 87 83 20000 37 32 73 27 44 47 42 
66 96 29 90 71 67 79 37 20000 32 64 14 88 90 83 
26 31 74 29 55 92 20 32 32 20000 39 84 47 42 81 
83 98 22 64 67 70 12 73 64 39 20000 12 38 37 19 
14 75 73 69 43 13 15 27 14 84 12 20000 55 17 62 
80 75 81 66 30 39 90 44 88 47 38 55 20000 65 29 
56 18 77 58 20 80 14 47 90 42 37 17 65 20000 66 
69 30 12 90 95 86 54 42 83 81 19 62 29 66 20000 

20000 88 98 49 28 43 98 53 52 84 66 23 80 36 21 
88 20000 23 91 61 96 64 45 76 30 45 88 66 94 61 
98 23 20000 28 89 31 35 13 82 47 24 31 57 62 60 
49 91 28 20000 26 60 38 28 90 64 74 33 33 30 52 
28 61 89 26 20000 10 70 67 49 73 95 72 86 95 31 
43 96 31 60 10 20000 49 63 34 32 62 78 60 53 50 
98 64 35 38 70 49 20000 24 96 47 60 58 97 34 16 
53 45 13 28 67 63 24 20000 23 84 78 53 38 57 60 
52 76 82 90 49 34 96 23 20000 62 43 31 52 60 50 
84 30 47 64 73 32 47 84 62 20000 72 54 44 16 50 
66 45 24 74 95 62 60 78 43 72 20000 11 89 81 48 
23 88 31 33 72 78 58 53 31 54 11 20000 85 64 75 
80 66 57 33 86 60 97 38 52 44 89 85 20000 24 50 
36 94 62 30 95 53 34 57 60 16 81 64 24 20000 18 
21 61 60 52 31 50 16 60 50 50 48 75 50 18 20000 

