20000 26 33 62 68 32 87 96 70 32 
26 20000 22 87 23 34 88 33 84 95 
33 22 20000 37 21 21 79 37 93 68 
62 87 37 20000 46 49 15 66 39 62 
68 23 21 46 20000 57 15 47 68 70 
32 34 21 49 57 20000 46 32 33 89 
87 88 79 15 15 46 20000 71 65 53 
96 33 37 66 47 32 71 20000 66 56 
70 84 93 39 68 33 65 66 20000 85 
32 95 68 62 70 89 53 56 85 20000 

20000 88 98 49 28 43 98 53 52 84 
88 20000 66 23 80 36 21 23 91 61 
98 66 20000 96 64 45 76 30 45 88 
49 23 96 20000 66 94 61 28 89 31 
28 80 64 66 20000 35 13 82 47 24 
43 36 45 94 35 20000 31 57 62 60 
98 21 76 61 13 31 20000 26 60 38 
53 23 30 28 82 57 26 20000 28 90 
52 91 45 89 47 62 60 28 20000 64 
84 61 88 31 24 60 38 90 64 20000 

20000 14 70 46 25 10 85 45 18 55 
14 20000 41 85 57 44 89 68 64 85 
70 41 20000 80 65 78 38 40 94 27 
46 85 80 20000 73 15 89 29 20 48 
25 57 65 73 20000 42 30 40 21 73 
10 44 78 15 42 20000 47 75 58 42 
85 89 38 89 30 47 20000 60 32 30 
45 68 40 29 40 75 60 20000 77 95 
18 64 94 20 21 58 32 77 20000 73 
55 85 27 48 73 42 30 95 73 20000 

