20000 36 74 21 32 89 98 90 80 14 
36 20000 46 91 67 67 42 52 31 95 
74 46 20000 90 46 20 16 39 60 33 
21 91 90 20000 65 63 87 18 91 68 
32 67 46 65 20000 41 21 49 95 67 
89 67 20 63 41 20000 31 53 54 84 
98 42 16 87 21 31 20000 12 28 15 
90 52 39 18 49 53 12 20000 48 54 
80 31 60 91 95 54 28 48 20000 70 
14 95 33 68 67 84 15 54 70 20000 

20000 56 90 34 13 71 33 66 74 88 
56 20000 71 78 25 34 91 30 69 62 
90 71 20000 72 53 10 96 88 25 74 
34 78 72 20000 69 30 63 98 78 36 
13 25 53 69 20000 47 50 86 83 89 
71 34 10 30 47 20000 14 18 59 54 
33 91 96 63 50 14 20000 18 20 68 
66 30 88 98 86 18 18 20000 27 68 
74 69 25 78 83 59 20 27 20000 17 
88 62 74 36 89 54 68 68 17 20000 

20000 87 79 27 48 36 19 17 26 60 
87 20000 92 38 63 67 17 71 76 76 
79 92 20000 79 20 82 65 60 53 16 
27 38 79 20000 49 94 94 20 76 17 
48 63 20 49 20000 39 98 95 37 83 
36 67 82 94 39 20000 96 96 29 24 
19 17 65 94 98 96 20000 56 57 75 
17 71 60 20 95 96 56 20000 93 17 
26 76 53 76 37 29 57 93 20000 78 
60 76 16 17 83 24 75 17 78 20000 

