20000 59 28 96 63 88 15 85 53 35 
59 20000 43 12 24 23 32 65 72 24 
28 43 20000 36 26 50 90 41 23 98 
96 12 36 20000 85 42 75 19 45 66 
63 24 26 85 20000 71 17 28 89 27 
88 23 50 42 71 20000 78 84 79 33 
15 32 90 75 17 78 20000 43 25 58 
85 65 41 19 28 84 43 20000 76 21 
53 72 23 45 89 79 25 76 20000 33 
35 24 98 66 27 33 58 21 33 20000 

20000 32 45 44 83 17 82 74 53 50 
32 20000 73 88 57 19 79 85 44 17 
45 73 20000 32 51 89 96 11 55 28 
44 88 32 20000 11 75 45 29 34 10 
83 57 51 11 20000 92 61 82 70 97 
17 19 89 75 92 20000 63 48 42 70 
82 79 96 45 61 63 20000 21 27 54 
74 85 11 29 82 48 21 20000 77 47 
53 44 55 34 70 42 27 77 20000 70 
50 17 28 10 97 70 54 47 70 20000 

20000 53 97 49 40 45 37 84 35 50 
53 20000 71 32 67 56 72 53 49 74 
97 71 20000 32 62 89 11 16 27 73 
49 32 32 20000 37 72 91 32 73 79 
40 67 62 37 20000 11 26 70 36 59 
45 56 89 72 11 20000 24 14 68 67 
37 72 11 91 26 24 20000 75 99 28 
84 53 16 32 70 14 75 20000 73 80 
35 49 27 73 36 68 99 73 20000 25 
50 74 73 79 59 67 28 80 25 20000 

