20000 46 65 49 44 55 73 26 85 68 
46 20000 43 41 78 50 91 52 52 86 
65 43 20000 82 75 72 35 22 78 27 
49 41 82 20000 48 12 62 13 34 24 
44 78 75 48 20000 14 73 37 41 27 
55 50 72 12 14 20000 54 47 47 11 
73 91 35 62 73 54 20000 69 99 86 
26 52 22 13 37 47 69 20000 90 87 
85 52 78 34 41 47 99 90 20000 55 
68 86 27 24 27 11 86 87 55 20000 

20000 52 52 28 23 95 69 13 61 32 
52 20000 68 18 44 65 12 63 86 41 
52 68 20000 37 61 30 59 14 68 84 
28 18 37 20000 94 84 68 62 35 67 
23 44 61 94 20000 87 84 77 73 15 
95 65 30 84 87 20000 40 99 90 73 
69 12 59 68 84 40 20000 73 61 24 
13 63 14 62 77 99 73 20000 89 32 
61 86 68 35 73 90 61 89 20000 10 
32 41 84 67 15 73 24 32 10 20000 

20000 51 80 92 80 76 23 33 78 88 
51 20000 25 80 50 50 36 75 60 26 
80 25 20000 84 38 26 23 68 36 80 
92 80 84 20000 78 64 13 45 19 72 
80 50 38 78 20000 69 26 19 94 67 
76 50 26 64 69 20000 31 62 10 98 
23 36 23 13 26 31 20000 39 10 43 
33 75 68 45 19 62 39 20000 23 95 
78 60 36 19 94 10 10 23 20000 23 
88 26 80 72 67 98 43 95 23 20000 

